1	2	0	0	0
0	3	1	0	NULL
5	6	0	1	4
4	7	2	1	NULL
9	10	3	2	8
8	11	4	2	NULL
13	14	5	3	12
12	15	6	3	NULL
17	18	7	4	16
19	20	8	4	16
21	22	9	4	16
23	24	10	4	16
25	26	11	4	16
27	28	12	4	16
29	30	13	4	16
31	32	14	4	16
33	34	15	4	16
35	36	16	4	16
37	38	17	4	16
39	40	18	4	16
41	42	19	4	16
43	44	20	4	16
16	45	21	4	NULL
47	48	22	5	46
49	50	23	5	46
51	52	24	5	46
53	54	25	5	46
55	56	26	5	46
57	58	27	5	46
59	60	28	5	46
61	62	29	5	46
63	64	30	5	46
65	66	31	5	46
67	68	32	5	46
69	70	33	5	46
46	71	34	5	NULL
73	74	35	6	72
75	76	36	6	72
77	78	37	6	72
79	80	38	6	72
81	82	39	6	72
83	84	40	6	72
85	86	41	6	72
87	88	42	6	72
89	90	43	6	72
91	92	44	6	72
93	94	45	6	72
95	96	46	6	72
72	97	47	6	NULL
99	100	48	7	98
101	102	49	7	98
103	104	50	7	98
105	106	51	7	98
107	108	52	7	98
109	110	53	7	98
111	112	54	7	98
113	114	55	7	98
115	116	56	7	98
117	118	57	7	98
119	120	3	7	98
121	122	5	7	98
123	124	58	7	98
98	125	59	7	NULL
127	128	60	8	126
129	130	61	8	126
131	132	62	8	126
133	134	63	8	126
135	136	64	8	126
137	138	65	8	126
139	140	66	8	126
141	142	67	8	126
143	144	68	8	126
145	146	69	8	126
126	147	70	8	NULL
149	150	71	9	148
151	152	72	9	148
153	154	73	9	148
155	156	74	9	148
157	158	75	9	148
159	160	76	9	148
161	162	77	9	148
163	164	78	9	148
165	166	79	9	148
167	168	80	9	148
169	170	81	9	148
171	172	82	9	148
173	174	83	9	148
175	176	84	9	148
177	178	85	9	148
148	179	86	9	NULL
181	182	87	10	180
183	184	88	10	180
185	186	89	10	180
187	188	90	10	180
189	190	91	10	180
191	192	92	10	180
193	194	93	10	180
195	196	0	10	180
197	198	94	10	180
199	200	95	10	180
201	202	96	10	180
203	204	97	10	180
180	205	98	10	NULL
207	208	7	11	206
206	209	99	11	NULL
211	212	8	12	210
210	213	100	12	NULL
215	216	9	13	214
214	217	101	13	NULL
219	220	10	14	218
218	221	102	14	NULL
223	224	11	15	222
222	225	103	15	NULL
227	228	12	16	226
226	229	104	16	NULL
231	232	13	17	230
230	233	105	17	NULL
235	236	14	18	234
234	237	106	18	NULL
239	240	15	19	238
238	241	107	19	NULL
243	244	16	20	242
242	245	108	20	NULL
247	248	17	21	246
246	249	109	21	NULL
251	252	18	22	250
250	253	110	22	NULL
255	256	19	23	254
254	257	111	23	NULL
259	260	20	24	258
258	261	112	24	NULL
263	264	22	25	262
262	265	113	25	NULL
267	268	23	26	266
266	269	114	26	NULL
271	272	24	27	270
270	273	115	27	NULL
275	276	25	28	274
274	277	116	28	NULL
279	280	26	29	278
278	281	117	29	NULL
283	284	27	30	282
282	285	118	30	NULL
287	288	28	31	286
286	289	119	31	NULL
291	292	29	32	290
290	293	120	32	NULL
295	296	30	33	294
294	297	121	33	NULL
299	300	31	34	298
298	301	122	34	NULL
303	304	32	35	302
302	305	123	35	NULL
307	308	33	36	306
309	310	35	36	306
306	311	124	36	NULL
313	314	36	37	312
312	315	125	37	NULL
317	318	37	38	316
316	319	126	38	NULL
321	322	38	39	320
320	323	127	39	NULL
325	326	39	40	324
324	327	128	40	NULL
329	330	40	41	328
328	331	129	41	NULL
333	334	41	42	332
332	335	130	42	NULL
337	338	42	43	336
336	339	131	43	NULL
341	342	43	44	340
340	343	132	44	NULL
345	346	44	45	344
344	347	133	45	NULL
349	350	45	46	348
348	351	134	46	NULL
353	354	46	47	352
352	355	135	47	NULL
357	358	48	48	356
356	359	136	48	NULL
361	362	49	49	360
360	363	137	49	NULL
365	366	50	50	364
364	367	138	50	NULL
369	370	51	51	368
368	371	139	51	NULL
373	374	52	52	372
372	375	140	52	NULL
377	378	53	53	376
376	379	141	53	NULL
381	382	54	54	380
380	383	142	54	NULL
385	386	55	55	384
384	387	143	55	NULL
389	390	56	56	388
388	391	144	56	NULL
393	394	57	57	392
392	395	145	57	NULL
397	398	3	58	396
399	400	5	58	396
396	401	146	58	NULL
403	404	58	59	402
402	405	147	59	NULL
407	408	60	60	406
406	409	148	60	NULL
411	412	61	61	410
410	413	149	61	NULL
415	416	62	62	414
414	417	150	62	NULL
419	420	63	63	418
418	421	151	63	NULL
423	424	64	64	422
422	425	152	64	NULL
427	428	65	65	426
426	429	153	65	NULL
431	432	66	66	430
430	433	154	66	NULL
435	436	67	67	434
434	437	155	67	NULL
439	440	68	68	438
438	441	156	68	NULL
443	444	69	69	442
442	445	157	69	NULL
447	448	71	70	446
446	449	158	70	NULL
451	452	72	71	450
450	453	159	71	NULL
455	456	73	72	454
454	457	160	72	NULL
459	460	74	73	458
458	461	161	73	NULL
463	464	75	74	462
462	465	162	74	NULL
467	468	76	75	466
466	469	163	75	NULL
471	472	77	76	470
470	473	164	76	NULL
475	476	78	77	474
474	477	165	77	NULL
479	480	79	78	478
478	481	166	78	NULL
483	484	80	79	482
482	485	167	79	NULL
487	488	81	80	486
486	489	168	80	NULL
491	492	82	81	490
490	493	169	81	NULL
495	496	83	82	494
494	497	170	82	NULL
499	500	84	83	498
498	501	171	83	NULL
503	504	85	84	502
502	505	172	84	NULL
507	508	87	85	506
506	509	173	85	NULL
511	512	88	86	510
510	513	174	86	NULL
515	516	89	87	514
514	517	175	87	NULL
519	520	90	88	518
518	521	176	88	NULL
523	524	91	89	522
522	525	177	89	NULL
527	528	92	90	526
526	529	178	90	NULL
531	532	93	91	530
533	534	0	91	530
535	536	94	91	530
530	537	179	91	NULL
539	540	95	92	538
538	541	180	92	NULL
543	544	96	93	542
542	545	181	93	NULL
547	548	97	94	546
546	549	182	94	NULL
551	552	7	95	550
553	554	8	95	550
555	556	9	95	550
550	557	183	95	NULL
559	560	10	96	558
561	562	11	96	558
563	564	12	96	558
558	565	184	96	NULL
567	568	13	97	566
569	570	14	97	566
566	571	185	97	NULL
573	574	15	98	572
572	575	186	98	NULL
577	578	16	99	576
576	579	187	99	NULL
581	582	17	100	580
580	583	188	100	NULL
585	586	18	101	584
587	588	19	101	584
589	590	20	101	584
584	591	189	101	NULL
593	594	22	102	592
595	596	23	102	592
597	598	24	102	592
592	599	190	102	NULL
601	602	25	103	600
603	604	26	103	600
600	605	191	103	NULL
607	608	27	104	606
609	610	28	104	606
606	611	192	104	NULL
613	614	29	105	612
612	615	193	105	NULL
617	618	30	106	616
616	619	194	106	NULL
621	622	31	107	620
623	624	32	107	620
625	626	33	107	620
627	628	35	107	620
620	629	195	107	NULL
631	632	36	108	630
633	634	37	108	630
630	635	196	108	NULL
637	638	38	109	636
639	640	39	109	636
636	641	197	109	NULL
643	644	40	110	642
645	646	41	110	642
642	647	198	110	NULL
649	650	42	111	648
651	652	43	111	648
648	653	199	111	NULL
655	656	44	112	654
657	658	45	112	654
659	660	46	112	654
654	661	200	112	NULL
663	664	48	113	662
662	665	201	113	NULL
667	668	49	114	666
666	669	202	114	NULL
671	672	50	115	670
670	673	203	115	NULL
675	676	51	116	674
677	678	52	116	674
674	679	204	116	NULL
681	682	53	117	680
683	684	54	117	680
685	686	55	117	680
687	688	56	117	680
680	689	205	117	NULL
691	692	57	118	690
693	694	3	118	690
695	696	5	118	690
690	697	206	118	NULL
699	700	58	119	698
698	701	207	119	NULL
703	704	60	120	702
702	705	208	120	NULL
707	708	61	121	706
706	709	209	121	NULL
711	712	62	122	710
713	714	63	122	710
710	715	210	122	NULL
717	718	64	123	716
719	720	65	123	716
716	721	211	123	NULL
723	724	66	124	722
722	725	212	124	NULL
727	728	67	125	726
729	730	68	125	726
726	731	213	125	NULL
733	734	69	126	732
732	735	214	126	NULL
737	738	71	127	736
739	740	72	127	736
736	741	215	127	NULL
743	744	73	128	742
745	746	74	128	742
742	747	216	128	NULL
749	750	75	129	748
751	752	76	129	748
753	754	77	129	748
748	755	217	129	NULL
757	758	78	130	756
759	760	79	130	756
756	761	218	130	NULL
763	764	80	131	762
765	766	81	131	762
762	767	219	131	NULL
769	770	82	132	768
768	771	220	132	NULL
773	774	83	133	772
775	776	84	133	772
777	778	85	133	772
772	779	221	133	NULL
781	782	87	134	780
783	784	88	134	780
780	785	222	134	NULL
787	788	89	135	786
789	790	90	135	786
786	791	223	135	NULL
793	794	91	136	792
795	796	92	136	792
792	797	224	136	NULL
799	800	93	137	798
801	802	0	137	798
803	804	94	137	798
798	805	225	137	NULL
807	808	95	138	806
806	809	226	138	NULL
811	812	96	139	810
813	814	97	139	810
810	815	227	139	NULL
817	818	7	140	816
816	819	228	140	NULL
821	822	8	141	820
820	823	229	141	NULL
825	826	9	142	824
824	827	230	142	NULL
829	830	10	143	828
828	831	231	143	NULL
833	834	11	144	832
832	835	232	144	NULL
837	838	12	145	836
836	839	233	145	NULL
841	842	13	146	840
840	843	234	146	NULL
845	846	14	147	844
844	847	235	147	NULL
849	850	15	148	848
848	851	236	148	NULL
853	854	16	149	852
852	855	237	149	NULL
857	858	17	150	856
856	859	238	150	NULL
861	862	18	151	860
860	863	239	151	NULL
865	866	19	152	864
864	867	240	152	NULL
869	870	20	153	868
868	871	241	153	NULL
873	874	22	154	872
872	875	242	154	NULL
877	878	23	155	876
876	879	243	155	NULL
881	882	24	156	880
880	883	244	156	NULL
885	886	25	157	884
884	887	245	157	NULL
889	890	26	158	888
888	891	246	158	NULL
893	894	27	159	892
892	895	247	159	NULL
897	898	28	160	896
896	899	248	160	NULL
901	902	29	161	900
900	903	249	161	NULL
905	906	30	162	904
904	907	250	162	NULL
909	910	31	163	908
908	911	251	163	NULL
913	914	32	164	912
912	915	252	164	NULL
917	918	33	165	916
919	920	35	165	916
916	921	253	165	NULL
923	924	36	166	922
922	925	254	166	NULL
927	928	37	167	926
926	929	255	167	NULL
931	932	38	168	930
930	933	256	168	NULL
935	936	39	169	934
934	937	257	169	NULL
939	940	40	170	938
938	941	258	170	NULL
943	944	41	171	942
942	945	259	171	NULL
947	948	42	172	946
946	949	260	172	NULL
951	952	43	173	950
950	953	261	173	NULL
955	956	44	174	954
954	957	262	174	NULL
959	960	45	175	958
958	961	263	175	NULL
963	964	46	176	962
962	965	264	176	NULL
967	968	48	177	966
966	969	265	177	NULL
971	972	49	178	970
970	973	266	178	NULL
975	976	50	179	974
974	977	267	179	NULL
979	980	51	180	978
978	981	268	180	NULL
983	984	52	181	982
982	985	269	181	NULL
987	988	53	182	986
986	989	270	182	NULL
991	992	54	183	990
990	993	271	183	NULL
995	996	55	184	994
994	997	272	184	NULL
999	1000	56	185	998
998	1001	273	185	NULL
1003	1004	57	186	1002
1002	1005	274	186	NULL
1007	1008	3	187	1006
1009	1010	5	187	1006
1006	1011	275	187	NULL
1013	1014	58	188	1012
1012	1015	276	188	NULL
1017	1018	60	189	1016
1016	1019	277	189	NULL
1021	1022	61	190	1020
1020	1023	278	190	NULL
1025	1026	62	191	1024
1024	1027	279	191	NULL
1029	1030	63	192	1028
1028	1031	280	192	NULL
1033	1034	64	193	1032
1032	1035	281	193	NULL
1037	1038	65	194	1036
1036	1039	282	194	NULL
1041	1042	66	195	1040
1040	1043	283	195	NULL
1045	1046	67	196	1044
1044	1047	284	196	NULL
1049	1050	68	197	1048
1048	1051	285	197	NULL
1053	1054	69	198	1052
1052	1055	286	198	NULL
1057	1058	71	199	1056
1056	1059	287	199	NULL
1061	1062	72	200	1060
1060	1063	288	200	NULL
1065	1066	73	201	1064
1064	1067	289	201	NULL
1069	1070	74	202	1068
1068	1071	290	202	NULL
1073	1074	75	203	1072
1072	1075	291	203	NULL
1077	1078	76	204	1076
1076	1079	292	204	NULL
1081	1082	77	205	1080
1080	1083	293	205	NULL
1085	1086	78	206	1084
1084	1087	294	206	NULL
1089	1090	79	207	1088
1088	1091	295	207	NULL
1093	1094	80	208	1092
1092	1095	296	208	NULL
1097	1098	81	209	1096
1096	1099	297	209	NULL
1101	1102	82	210	1100
1100	1103	298	210	NULL
1105	1106	83	211	1104
1104	1107	299	211	NULL
1109	1110	84	212	1108
1108	1111	300	212	NULL
1113	1114	85	213	1112
1112	1115	301	213	NULL
1117	1118	87	214	1116
1116	1119	302	214	NULL
1121	1122	88	215	1120
1120	1123	303	215	NULL
1125	1126	89	216	1124
1124	1127	304	216	NULL
1129	1130	90	217	1128
1128	1131	305	217	NULL
1133	1134	91	218	1132
1132	1135	306	218	NULL
1137	1138	92	219	1136
1136	1139	307	219	NULL
1141	1142	93	220	1140
1143	1144	0	220	1140
1145	1146	94	220	1140
1140	1147	308	220	NULL
1149	1150	95	221	1148
1148	1151	309	221	NULL
1153	1154	96	222	1152
1152	1155	310	222	NULL
1157	1158	97	223	1156
1156	1159	311	223	NULL
1161	1162	7	224	1160
1163	1164	8	224	1160
1165	1166	9	224	1160
1160	1167	312	224	NULL
1169	1170	10	225	1168
1171	1172	11	225	1168
1173	1174	12	225	1168
1168	1175	313	225	NULL
1177	1178	13	226	1176
1179	1180	14	226	1176
1176	1181	314	226	NULL
1183	1184	15	227	1182
1182	1185	315	227	NULL
1187	1188	16	228	1186
1186	1189	316	228	NULL
1191	1192	17	229	1190
1190	1193	317	229	NULL
1195	1196	18	230	1194
1197	1198	19	230	1194
1199	1200	20	230	1194
1194	1201	318	230	NULL
1203	1204	22	231	1202
1205	1206	23	231	1202
1207	1208	24	231	1202
1202	1209	319	231	NULL
1211	1212	25	232	1210
1213	1214	26	232	1210
1210	1215	320	232	NULL
1217	1218	27	233	1216
1219	1220	28	233	1216
1216	1221	321	233	NULL
1223	1224	29	234	1222
1222	1225	322	234	NULL
1227	1228	30	235	1226
1226	1229	323	235	NULL
1231	1232	31	236	1230
1233	1234	32	236	1230
1235	1236	33	236	1230
1237	1238	35	236	1230
1230	1239	324	236	NULL
1241	1242	36	237	1240
1243	1244	37	237	1240
1240	1245	325	237	NULL
1247	1248	38	238	1246
1249	1250	39	238	1246
1246	1251	326	238	NULL
1253	1254	40	239	1252
1255	1256	41	239	1252
1252	1257	327	239	NULL
1259	1260	42	240	1258
1261	1262	43	240	1258
1258	1263	328	240	NULL
1265	1266	44	241	1264
1267	1268	45	241	1264
1269	1270	46	241	1264
1264	1271	329	241	NULL
1273	1274	48	242	1272
1272	1275	330	242	NULL
1277	1278	49	243	1276
1276	1279	331	243	NULL
1281	1282	50	244	1280
1280	1283	332	244	NULL
1285	1286	51	245	1284
1287	1288	52	245	1284
1284	1289	333	245	NULL
1291	1292	53	246	1290
1293	1294	54	246	1290
1295	1296	55	246	1290
1297	1298	56	246	1290
1290	1299	334	246	NULL
1301	1302	57	247	1300
1300	1303	335	247	NULL
1305	1306	3	248	1304
1307	1308	5	248	1304
1304	1309	336	248	NULL
1311	1312	58	249	1310
1310	1313	337	249	NULL
1315	1316	60	250	1314
1314	1317	338	250	NULL
1319	1320	61	251	1318
1318	1321	339	251	NULL
1323	1324	62	252	1322
1325	1326	63	252	1322
1322	1327	340	252	NULL
1329	1330	64	253	1328
1331	1332	65	253	1328
1328	1333	341	253	NULL
1335	1336	66	254	1334
1334	1337	342	254	NULL
1339	1340	67	255	1338
1341	1342	68	255	1338
1338	1343	343	255	NULL
1345	1346	69	256	1344
1344	1347	344	256	NULL
1349	1350	71	257	1348
1351	1352	72	257	1348
1348	1353	345	257	NULL
1355	1356	73	258	1354
1357	1358	74	258	1354
1354	1359	346	258	NULL
1361	1362	75	259	1360
1363	1364	76	259	1360
1365	1366	77	259	1360
1360	1367	347	259	NULL
1369	1370	78	260	1368
1371	1372	79	260	1368
1368	1373	348	260	NULL
1375	1376	80	261	1374
1377	1378	81	261	1374
1374	1379	349	261	NULL
1381	1382	82	262	1380
1380	1383	350	262	NULL
1385	1386	83	263	1384
1387	1388	84	263	1384
1389	1390	85	263	1384
1384	1391	351	263	NULL
1393	1394	87	264	1392
1395	1396	88	264	1392
1392	1397	352	264	NULL
1399	1400	89	265	1398
1401	1402	90	265	1398
1398	1403	353	265	NULL
1405	1406	91	266	1404
1407	1408	92	266	1404
1404	1409	354	266	NULL
1411	1412	93	267	1410
1413	1414	0	267	1410
1415	1416	94	267	1410
1410	1417	355	267	NULL
1419	1420	95	268	1418
1418	1421	356	268	NULL
1423	1424	96	269	1422
1425	1426	97	269	1422
1422	1427	357	269	NULL
1429	1430	7	270	1428
1431	1432	8	270	1428
1433	1434	9	270	1428
1435	1436	10	270	1428
1437	1438	11	270	1428
1439	1440	12	270	1428
1441	1442	13	270	1428
1443	1444	14	270	1428
1445	1446	15	270	1428
1447	1448	16	270	1428
1449	1450	17	270	1428
1451	1452	18	270	1428
1453	1454	19	270	1428
1455	1456	20	270	1428
1457	1458	22	270	1428
1459	1460	23	270	1428
1461	1462	24	270	1428
1463	1464	25	270	1428
1465	1466	26	270	1428
1467	1468	27	270	1428
1469	1470	28	270	1428
1471	1472	29	270	1428
1473	1474	30	270	1428
1475	1476	31	270	1428
1477	1478	32	270	1428
1479	1480	33	270	1428
1481	1482	35	270	1428
1483	1484	36	270	1428
1485	1486	37	270	1428
1487	1488	38	270	1428
1489	1490	39	270	1428
1491	1492	40	270	1428
1493	1494	41	270	1428
1495	1496	42	270	1428
1497	1498	43	270	1428
1499	1500	44	270	1428
1501	1502	45	270	1428
1503	1504	46	270	1428
1505	1506	48	270	1428
1507	1508	49	270	1428
1509	1510	50	270	1428
1511	1512	51	270	1428
1513	1514	52	270	1428
1515	1516	53	270	1428
1517	1518	54	270	1428
1519	1520	55	270	1428
1521	1522	56	270	1428
1523	1524	57	270	1428
1525	1526	3	270	1428
1527	1528	5	270	1428
1529	1530	58	270	1428
1531	1532	60	270	1428
1533	1534	61	270	1428
1535	1536	62	270	1428
1537	1538	63	270	1428
1539	1540	64	270	1428
1541	1542	65	270	1428
1543	1544	66	270	1428
1545	1546	67	270	1428
1547	1548	68	270	1428
1549	1550	69	270	1428
1551	1552	71	270	1428
1553	1554	72	270	1428
1555	1556	73	270	1428
1557	1558	74	270	1428
1559	1560	75	270	1428
1561	1562	76	270	1428
1563	1564	77	270	1428
1565	1566	78	270	1428
1567	1568	79	270	1428
1569	1570	80	270	1428
1571	1572	81	270	1428
1573	1574	82	270	1428
1575	1576	83	270	1428
1577	1578	84	270	1428
1579	1580	85	270	1428
1428	1581	358	270	NULL
1583	1584	87	271	1582
1585	1586	88	271	1582
1587	1588	89	271	1582
1589	1590	90	271	1582
1591	1592	91	271	1582
1593	1594	92	271	1582
1595	1596	93	271	1582
1597	1598	0	271	1582
1599	1600	94	271	1582
1601	1602	95	271	1582
1603	1604	96	271	1582
1605	1606	97	271	1582
1582	1607	359	271	NULL
1609	1610	7	272	1608
1608	1611	360	272	NULL
1613	1614	8	273	1612
1612	1615	361	273	NULL
1617	1618	9	274	1616
1616	1619	362	274	NULL
1621	1622	10	275	1620
1620	1623	363	275	NULL
1625	1626	11	276	1624
1624	1627	364	276	NULL
1629	1630	12	277	1628
1628	1631	365	277	NULL
1633	1634	13	278	1632
1632	1635	366	278	NULL
1637	1638	14	279	1636
1636	1639	367	279	NULL
1641	1642	15	280	1640
1640	1643	368	280	NULL
1645	1646	16	281	1644
1644	1647	369	281	NULL
1649	1650	17	282	1648
1648	1651	370	282	NULL
1653	1654	18	283	1652
1652	1655	371	283	NULL
1657	1658	19	284	1656
1656	1659	372	284	NULL
1661	1662	20	285	1660
1660	1663	373	285	NULL
1665	1666	22	286	1664
1664	1667	374	286	NULL
1669	1670	23	287	1668
1668	1671	375	287	NULL
1673	1674	24	288	1672
1672	1675	376	288	NULL
1677	1678	25	289	1676
1676	1679	377	289	NULL
1681	1682	26	290	1680
1680	1683	378	290	NULL
1685	1686	27	291	1684
1684	1687	379	291	NULL
1689	1690	28	292	1688
1688	1691	380	292	NULL
1693	1694	29	293	1692
1692	1695	381	293	NULL
1697	1698	30	294	1696
1696	1699	382	294	NULL
1701	1702	31	295	1700
1700	1703	383	295	NULL
1705	1706	32	296	1704
1704	1707	384	296	NULL
1709	1710	33	297	1708
1711	1712	35	297	1708
1708	1713	385	297	NULL
1715	1716	36	298	1714
1714	1717	386	298	NULL
1719	1720	37	299	1718
1718	1721	387	299	NULL
1723	1724	38	300	1722
1722	1725	388	300	NULL
1727	1728	39	301	1726
1726	1729	389	301	NULL
1731	1732	40	302	1730
1730	1733	390	302	NULL
1735	1736	41	303	1734
1734	1737	391	303	NULL
1739	1740	42	304	1738
1738	1741	392	304	NULL
1743	1744	43	305	1742
1742	1745	393	305	NULL
1747	1748	44	306	1746
1746	1749	394	306	NULL
1751	1752	45	307	1750
1750	1753	395	307	NULL
1755	1756	46	308	1754
1754	1757	396	308	NULL
1759	1760	48	309	1758
1758	1761	397	309	NULL
1763	1764	49	310	1762
1762	1765	398	310	NULL
1767	1768	50	311	1766
1766	1769	399	311	NULL
1771	1772	51	312	1770
1770	1773	400	312	NULL
1775	1776	52	313	1774
1774	1777	401	313	NULL
1779	1780	53	314	1778
1778	1781	402	314	NULL
1783	1784	54	315	1782
1782	1785	403	315	NULL
1787	1788	55	316	1786
1786	1789	404	316	NULL
1791	1792	56	317	1790
1790	1793	405	317	NULL
1795	1796	57	318	1794
1794	1797	406	318	NULL
1799	1800	3	319	1798
1801	1802	5	319	1798
1798	1803	407	319	NULL
1805	1806	58	320	1804
1804	1807	408	320	NULL
1809	1810	60	321	1808
1808	1811	409	321	NULL
1813	1814	61	322	1812
1812	1815	410	322	NULL
1817	1818	62	323	1816
1816	1819	411	323	NULL
1821	1822	63	324	1820
1820	1823	412	324	NULL
1825	1826	64	325	1824
1824	1827	413	325	NULL
1829	1830	65	326	1828
1828	1831	414	326	NULL
1833	1834	66	327	1832
1832	1835	415	327	NULL
1837	1838	67	328	1836
1836	1839	416	328	NULL
1841	1842	68	329	1840
1840	1843	417	329	NULL
1845	1846	69	330	1844
1844	1847	418	330	NULL
1849	1850	71	331	1848
1848	1851	419	331	NULL
1853	1854	72	332	1852
1852	1855	420	332	NULL
1857	1858	73	333	1856
1856	1859	421	333	NULL
1861	1862	74	334	1860
1860	1863	422	334	NULL
1865	1866	75	335	1864
1864	1867	423	335	NULL
1869	1870	76	336	1868
1868	1871	424	336	NULL
1873	1874	77	337	1872
1872	1875	425	337	NULL
1877	1878	78	338	1876
1876	1879	426	338	NULL
1881	1882	79	339	1880
1880	1883	427	339	NULL
1885	1886	80	340	1884
1884	1887	428	340	NULL
1889	1890	81	341	1888
1888	1891	429	341	NULL
1893	1894	82	342	1892
1892	1895	430	342	NULL
1897	1898	83	343	1896
1896	1899	431	343	NULL
1901	1902	84	344	1900
1900	1903	432	344	NULL
1905	1906	85	345	1904
1904	1907	433	345	NULL
1909	1910	87	346	1908
1908	1911	434	346	NULL
1913	1914	88	347	1912
1912	1915	435	347	NULL
1917	1918	89	348	1916
1916	1919	436	348	NULL
1921	1922	90	349	1920
1920	1923	437	349	NULL
1925	1926	91	350	1924
1924	1927	438	350	NULL
1929	1930	92	351	1928
1928	1931	439	351	NULL
1933	1934	93	352	1932
1935	1936	0	352	1932
1937	1938	94	352	1932
1932	1939	440	352	NULL
1941	1942	95	353	1940
1940	1943	441	353	NULL
1945	1946	96	354	1944
1944	1947	442	354	NULL
1949	1950	97	355	1948
1948	1951	443	355	NULL
1953	1954	7	356	1952
1955	1956	8	356	1952
1957	1958	9	356	1952
1959	1960	10	356	1952
1961	1962	11	356	1952
1963	1964	12	356	1952
1965	1966	13	356	1952
1967	1968	14	356	1952
1969	1970	15	356	1952
1971	1972	16	356	1952
1973	1974	17	356	1952
1975	1976	18	356	1952
1977	1978	19	356	1952
1979	1980	20	356	1952
1981	1982	22	356	1952
1983	1984	23	356	1952
1985	1986	24	356	1952
1987	1988	25	356	1952
1989	1990	26	356	1952
1991	1992	27	356	1952
1993	1994	28	356	1952
1995	1996	29	356	1952
1997	1998	30	356	1952
1999	2000	31	356	1952
2001	2002	32	356	1952
2003	2004	33	356	1952
2005	2006	35	356	1952
2007	2008	36	356	1952
2009	2010	37	356	1952
2011	2012	38	356	1952
2013	2014	39	356	1952
2015	2016	40	356	1952
2017	2018	41	356	1952
2019	2020	42	356	1952
2021	2022	43	356	1952
2023	2024	44	356	1952
2025	2026	45	356	1952
2027	2028	46	356	1952
2029	2030	48	356	1952
2031	2032	49	356	1952
2033	2034	50	356	1952
2035	2036	51	356	1952
2037	2038	52	356	1952
2039	2040	53	356	1952
2041	2042	54	356	1952
2043	2044	55	356	1952
2045	2046	56	356	1952
2047	2048	57	356	1952
2049	2050	3	356	1952
2051	2052	5	356	1952
2053	2054	58	356	1952
2055	2056	60	356	1952
2057	2058	61	356	1952
2059	2060	62	356	1952
2061	2062	63	356	1952
2063	2064	64	356	1952
2065	2066	65	356	1952
2067	2068	66	356	1952
2069	2070	67	356	1952
2071	2072	68	356	1952
2073	2074	69	356	1952
2075	2076	71	356	1952
2077	2078	72	356	1952
2079	2080	73	356	1952
2081	2082	74	356	1952
2083	2084	75	356	1952
2085	2086	76	356	1952
2087	2088	77	356	1952
2089	2090	78	356	1952
2091	2092	79	356	1952
2093	2094	80	356	1952
2095	2096	81	356	1952
2097	2098	82	356	1952
2099	2100	83	356	1952
2101	2102	84	356	1952
2103	2104	85	356	1952
1952	2105	444	356	NULL
2107	2108	87	357	2106
2109	2110	88	357	2106
2111	2112	89	357	2106
2113	2114	90	357	2106
2115	2116	91	357	2106
2117	2118	92	357	2106
2119	2120	93	357	2106
2121	2122	0	357	2106
2123	2124	94	357	2106
2125	2126	95	357	2106
2127	2128	96	357	2106
2129	2130	97	357	2106
2106	2131	445	357	NULL
2133	2134	30	358	2132
2132	2135	446	358	NULL
2137	2138	44	359	2136
2136	2139	447	359	NULL
2141	2142	3	360	2140
2143	2144	5	360	2140
2140	2145	448	360	NULL
2147	2148	61	361	2146
2146	2149	449	361	NULL
2151	2152	95	362	2150
2150	2153	450	362	NULL
2155	2156	7	363	2154
2157	2158	8	363	2154
2159	2160	9	363	2154
2161	2162	10	363	2154
2163	2164	11	363	2154
2165	2166	12	363	2154
2167	2168	13	363	2154
2169	2170	14	363	2154
2154	2171	451	363	NULL
2173	2174	15	364	2172
2175	2176	16	364	2172
2177	2178	17	364	2172
2179	2180	18	364	2172
2181	2182	19	364	2172
2183	2184	20	364	2172
2172	2185	452	364	NULL
2187	2188	22	365	2186
2189	2190	23	365	2186
2191	2192	24	365	2186
2193	2194	25	365	2186
2195	2196	26	365	2186
2197	2198	27	365	2186
2199	2200	28	365	2186
2201	2202	29	365	2186
2203	2204	30	365	2186
2205	2206	31	365	2186
2207	2208	32	365	2186
2209	2210	33	365	2186
2211	2212	35	365	2186
2213	2214	36	365	2186
2215	2216	37	365	2186
2217	2218	38	365	2186
2219	2220	39	365	2186
2186	2221	453	365	NULL
2223	2224	40	366	2222
2225	2226	41	366	2222
2227	2228	42	366	2222
2229	2230	43	366	2222
2231	2232	44	366	2222
2233	2234	45	366	2222
2235	2236	46	366	2222
2222	2237	454	366	NULL
2239	2240	48	367	2238
2241	2242	49	367	2238
2243	2244	50	367	2238
2245	2246	51	367	2238
2247	2248	52	367	2238
2249	2250	53	367	2238
2251	2252	54	367	2238
2253	2254	55	367	2238
2255	2256	56	367	2238
2238	2257	455	367	NULL
2259	2260	57	368	2258
2261	2262	3	368	2258
2263	2264	5	368	2258
2265	2266	58	368	2258
2267	2268	60	368	2258
2269	2270	61	368	2258
2258	2271	456	368	NULL
2273	2274	62	369	2272
2275	2276	63	369	2272
2277	2278	64	369	2272
2279	2280	65	369	2272
2281	2282	66	369	2272
2272	2283	457	369	NULL
2285	2286	67	370	2284
2287	2288	68	370	2284
2289	2290	69	370	2284
2284	2291	458	370	NULL
2293	2294	71	371	2292
2295	2296	72	371	2292
2297	2298	73	371	2292
2299	2300	74	371	2292
2292	2301	459	371	NULL
2303	2304	75	372	2302
2305	2306	76	372	2302
2307	2308	77	372	2302
2309	2310	78	372	2302
2311	2312	79	372	2302
2313	2314	80	372	2302
2315	2316	81	372	2302
2302	2317	460	372	NULL
2319	2320	82	373	2318
2321	2322	83	373	2318
2323	2324	84	373	2318
2325	2326	85	373	2318
2318	2327	461	373	NULL
2329	2330	87	374	2328
2331	2332	88	374	2328
2333	2334	89	374	2328
2335	2336	90	374	2328
2337	2338	91	374	2328
2339	2340	92	374	2328
2341	2342	93	374	2328
2343	2344	0	374	2328
2345	2346	94	374	2328
2347	2348	95	374	2328
2328	2349	462	374	NULL
2351	2352	96	375	2350
2353	2354	97	375	2350
2350	2355	463	375	NULL
2357	2358	464	376	2356
2359	2360	465	376	2356
2361	2362	466	376	2356
2356	2363	467	376	NULL
2365	2366	468	377	2364
2364	2367	469	377	NULL
2369	2370	470	378	2368
2368	2371	471	378	NULL
2373	2374	472	379	2372
2372	2375	473	379	NULL
2377	2378	474	380	2376
2376	2379	475	380	NULL
2381	2382	476	381	2380
2380	2383	477	381	NULL
2385	2386	478	382	2384
2384	2387	479	382	NULL
2389	2390	480	383	2388
2388	2391	481	383	NULL
2393	2394	482	384	2392
2392	2395	483	384	NULL
2397	2398	484	385	2396
2396	2399	485	385	NULL
2401	2402	486	386	2400
2400	2403	487	386	NULL
2405	2406	488	387	2404
2404	2407	489	387	NULL
2409	2410	490	388	2408
2411	2412	468	388	2408
2408	2413	491	388	NULL
2415	2416	492	389	2414
2414	2417	493	389	NULL
2419	2420	494	390	2418
2418	2421	495	390	NULL
2423	2424	496	391	2422
2422	2425	497	391	NULL
2427	2428	498	392	2426
2426	2429	499	392	NULL
2431	2432	500	393	2430
2430	2433	501	393	NULL
2435	2436	502	394	2434
2434	2437	503	394	NULL
2439	2440	504	395	2438
2438	2441	505	395	NULL
2443	2444	506	396	2442
2442	2445	507	396	NULL
2447	2448	508	397	2446
2446	2449	509	397	NULL
2451	2452	510	398	2450
2450	2453	511	398	NULL
2455	2456	512	399	2454
2454	2457	513	399	NULL
2459	2460	514	400	2458
2458	2461	515	400	NULL
2463	2464	516	401	2462
2462	2465	517	401	NULL
2467	2468	518	402	2466
2466	2469	519	402	NULL
2471	2472	520	403	2470
2470	2473	521	403	NULL
2475	2476	522	404	2474
2474	2477	523	404	NULL
2479	2480	524	405	2478
2478	2481	525	405	NULL
2483	2484	526	406	2482
2482	2485	527	406	NULL
2487	2488	528	407	2486
2486	2489	529	407	NULL
2491	2492	530	408	2490
2490	2493	531	408	NULL
2495	2496	470	409	2494
2494	2497	532	409	NULL
2499	2500	533	410	2498
2498	2501	534	410	NULL
2503	2504	535	411	2502
2505	2506	536	411	2502
2507	2508	472	411	2502
2509	2510	537	411	2502
2511	2512	474	411	2502
2513	2514	538	411	2502
2515	2516	539	411	2502
2517	2518	540	411	2502
2519	2520	476	411	2502
2502	2521	541	411	NULL
2523	2524	542	412	2522
2525	2526	543	412	2522
2527	2528	544	412	2522
2529	2530	545	412	2522
2531	2532	478	412	2522
2533	2534	546	412	2522
2535	2536	547	412	2522
2537	2538	548	412	2522
2539	2540	549	412	2522
2541	2542	550	412	2522
2543	2544	551	412	2522
2545	2546	552	412	2522
2547	2548	480	412	2522
2522	2549	553	412	NULL
2551	2552	554	413	2550
2553	2554	555	413	2550
2555	2556	482	413	2550
2557	2558	556	413	2550
2559	2560	484	413	2550
2561	2562	557	413	2550
2563	2564	558	413	2550
2565	2566	559	413	2550
2550	2567	560	413	NULL
2569	2570	561	414	2568
2571	2572	562	414	2568
2573	2574	563	414	2568
2575	2576	564	414	2568
2577	2578	565	414	2568
2579	2580	486	414	2568
2581	2582	566	414	2568
2583	2584	488	414	2568
2585	2586	567	414	2568
2587	2588	490	414	2568
2589	2590	468	414	2568
2568	2591	568	414	NULL
2593	2594	569	415	2592
2595	2596	570	415	2592
2597	2598	492	415	2592
2599	2600	571	415	2592
2601	2602	572	415	2592
2603	2604	573	415	2592
2605	2606	574	415	2592
2607	2608	494	415	2592
2609	2610	496	415	2592
2611	2612	575	415	2592
2592	2613	576	415	NULL
2615	2616	577	416	2614
2617	2618	578	416	2614
2619	2620	579	416	2614
2621	2622	580	416	2614
2623	2624	581	416	2614
2625	2626	582	416	2614
2627	2628	583	416	2614
2629	2630	584	416	2614
2631	2632	585	416	2614
2633	2634	586	416	2614
2635	2636	587	416	2614
2637	2638	588	416	2614
2639	2640	589	416	2614
2614	2641	590	416	NULL
2643	2644	591	417	2642
2645	2646	592	417	2642
2647	2648	498	417	2642
2649	2650	500	417	2642
2651	2652	502	417	2642
2653	2654	504	417	2642
2655	2656	593	417	2642
2657	2658	594	417	2642
2659	2660	595	417	2642
2661	2662	596	417	2642
2663	2664	597	417	2642
2665	2666	598	417	2642
2642	2667	599	417	NULL
2669	2670	506	418	2668
2671	2672	600	418	2668
2673	2674	601	418	2668
2675	2676	602	418	2668
2677	2678	603	418	2668
2679	2680	604	418	2668
2681	2682	605	418	2668
2683	2684	606	418	2668
2685	2686	607	418	2668
2687	2688	608	418	2668
2689	2690	508	418	2668
2668	2691	609	418	NULL
2693	2694	610	419	2692
2695	2696	611	419	2692
2697	2698	510	419	2692
2699	2700	612	419	2692
2701	2702	613	419	2692
2703	2704	614	419	2692
2705	2706	615	419	2692
2707	2708	616	419	2692
2709	2710	512	419	2692
2711	2712	617	419	2692
2713	2714	618	419	2692
2692	2715	619	419	NULL
2717	2718	620	420	2716
2719	2720	621	420	2716
2721	2722	622	420	2716
2723	2724	623	420	2716
2725	2726	514	420	2716
2727	2728	624	420	2716
2729	2730	625	420	2716
2731	2732	626	420	2716
2733	2734	627	420	2716
2735	2736	516	420	2716
2737	2738	628	420	2716
2739	2740	629	420	2716
2716	2741	630	420	NULL
2743	2744	518	421	2742
2745	2746	631	421	2742
2747	2748	520	421	2742
2749	2750	522	421	2742
2751	2752	524	421	2742
2753	2754	526	421	2742
2755	2756	632	421	2742
2757	2758	528	421	2742
2759	2760	633	421	2742
2761	2762	530	421	2742
2742	2763	634	421	NULL
2765	2766	470	422	2764
2767	2768	635	422	2764
2769	2770	636	422	2764
2771	2772	637	422	2764
2773	2774	638	422	2764
2775	2776	639	422	2764
2777	2778	640	422	2764
2779	2780	641	422	2764
2781	2782	464	422	2764
2783	2784	465	422	2764
2785	2786	466	422	2764
2764	2787	642	422	NULL
2789	2790	643	423	2788
2791	2792	644	423	2788
2793	2794	533	423	2788
2795	2796	645	423	2788
2797	2798	646	423	2788
2799	2800	647	423	2788
2801	2802	648	423	2788
2803	2804	649	423	2788
2805	2806	650	423	2788
2788	2807	651	423	NULL
2809	2810	605	424	2808
2808	2811	652	424	NULL
2813	2814	606	425	2812
2812	2815	653	425	NULL
2817	2818	535	426	2816
2816	2819	654	426	NULL
2821	2822	536	427	2820
2820	2823	655	427	NULL
2825	2826	472	428	2824
2824	2827	656	428	NULL
2829	2830	537	429	2828
2828	2831	657	429	NULL
2833	2834	474	430	2832
2832	2835	658	430	NULL
2837	2838	538	431	2836
2836	2839	659	431	NULL
2841	2842	539	432	2840
2840	2843	660	432	NULL
2845	2846	540	433	2844
2844	2847	661	433	NULL
2849	2850	476	434	2848
2848	2851	662	434	NULL
2853	2854	542	435	2852
2852	2855	663	435	NULL
2857	2858	543	436	2856
2856	2859	664	436	NULL
2861	2862	544	437	2860
2860	2863	665	437	NULL
2865	2866	545	438	2864
2864	2867	666	438	NULL
2869	2870	478	439	2868
2868	2871	667	439	NULL
2873	2874	546	440	2872
2872	2875	668	440	NULL
2877	2878	547	441	2876
2876	2879	669	441	NULL
2881	2882	548	442	2880
2880	2883	670	442	NULL
2885	2886	549	443	2884
2884	2887	671	443	NULL
2889	2890	550	444	2888
2888	2891	672	444	NULL
2893	2894	551	445	2892
2892	2895	673	445	NULL
2897	2898	552	446	2896
2896	2899	674	446	NULL
2901	2902	480	447	2900
2900	2903	675	447	NULL
2905	2906	554	448	2904
2904	2907	676	448	NULL
2909	2910	555	449	2908
2908	2911	677	449	NULL
2913	2914	482	450	2912
2912	2915	678	450	NULL
2917	2918	556	451	2916
2916	2919	679	451	NULL
2921	2922	484	452	2920
2920	2923	680	452	NULL
2925	2926	557	453	2924
2924	2927	681	453	NULL
2929	2930	558	454	2928
2928	2931	682	454	NULL
2933	2934	559	455	2932
2932	2935	683	455	NULL
2937	2938	561	456	2936
2936	2939	684	456	NULL
2941	2942	562	457	2940
2940	2943	685	457	NULL
2945	2946	563	458	2944
2944	2947	686	458	NULL
2949	2950	564	459	2948
2948	2951	687	459	NULL
2953	2954	565	460	2952
2952	2955	688	460	NULL
2957	2958	486	461	2956
2956	2959	689	461	NULL
2961	2962	566	462	2960
2960	2963	690	462	NULL
2965	2966	488	463	2964
2964	2967	691	463	NULL
2969	2970	567	464	2968
2968	2971	692	464	NULL
2973	2974	490	465	2972
2975	2976	468	465	2972
2972	2977	693	465	NULL
2979	2980	569	466	2978
2978	2981	694	466	NULL
2983	2984	570	467	2982
2982	2985	695	467	NULL
2987	2988	492	468	2986
2986	2989	696	468	NULL
2991	2992	571	469	2990
2990	2993	697	469	NULL
2995	2996	572	470	2994
2994	2997	698	470	NULL
2999	3000	573	471	2998
2998	3001	699	471	NULL
3003	3004	574	472	3002
3002	3005	700	472	NULL
3007	3008	494	473	3006
3006	3009	701	473	NULL
3011	3012	496	474	3010
3010	3013	702	474	NULL
3015	3016	575	475	3014
3014	3017	703	475	NULL
3019	3020	577	476	3018
3018	3021	704	476	NULL
3023	3024	578	477	3022
3022	3025	705	477	NULL
3027	3028	579	478	3026
3026	3029	706	478	NULL
3031	3032	580	479	3030
3030	3033	707	479	NULL
3035	3036	581	480	3034
3034	3037	708	480	NULL
3039	3040	582	481	3038
3038	3041	709	481	NULL
3043	3044	583	482	3042
3042	3045	710	482	NULL
3047	3048	584	483	3046
3046	3049	711	483	NULL
3051	3052	585	484	3050
3050	3053	712	484	NULL
3055	3056	586	485	3054
3054	3057	713	485	NULL
3059	3060	587	486	3058
3058	3061	714	486	NULL
3063	3064	588	487	3062
3062	3065	715	487	NULL
3067	3068	589	488	3066
3069	3070	591	488	3066
3066	3071	716	488	NULL
3073	3074	592	489	3072
3072	3075	717	489	NULL
3077	3078	498	490	3076
3076	3079	718	490	NULL
3081	3082	500	491	3080
3080	3083	719	491	NULL
3085	3086	502	492	3084
3084	3087	720	492	NULL
3089	3090	504	493	3088
3088	3091	721	493	NULL
3093	3094	593	494	3092
3092	3095	722	494	NULL
3097	3098	594	495	3096
3096	3099	723	495	NULL
3101	3102	595	496	3100
3100	3103	724	496	NULL
3105	3106	596	497	3104
3104	3107	725	497	NULL
3109	3110	597	498	3108
3108	3111	726	498	NULL
3113	3114	598	499	3112
3112	3115	727	499	NULL
3117	3118	506	500	3116
3116	3119	728	500	NULL
3121	3122	600	501	3120
3120	3123	729	501	NULL
3125	3126	601	502	3124
3124	3127	730	502	NULL
3129	3130	602	503	3128
3128	3131	731	503	NULL
3133	3134	603	504	3132
3132	3135	732	504	NULL
3137	3138	604	505	3136
3136	3139	733	505	NULL
3141	3142	605	506	3140
3143	3144	606	506	3140
3140	3145	734	506	NULL
3147	3148	607	507	3146
3146	3149	735	507	NULL
3151	3152	608	508	3150
3150	3153	736	508	NULL
3155	3156	508	509	3154
3154	3157	737	509	NULL
3159	3160	610	510	3158
3158	3161	738	510	NULL
3163	3164	611	511	3162
3162	3165	739	511	NULL
3167	3168	510	512	3166
3166	3169	740	512	NULL
3171	3172	612	513	3170
3170	3173	741	513	NULL
3175	3176	613	514	3174
3174	3177	742	514	NULL
3179	3180	614	515	3178
3178	3181	743	515	NULL
3183	3184	615	516	3182
3182	3185	744	516	NULL
3187	3188	616	517	3186
3186	3189	745	517	NULL
3191	3192	512	518	3190
3190	3193	746	518	NULL
3195	3196	617	519	3194
3194	3197	747	519	NULL
3199	3200	618	520	3198
3198	3201	748	520	NULL
3203	3204	620	521	3202
3202	3205	749	521	NULL
3207	3208	621	522	3206
3206	3209	750	522	NULL
3211	3212	622	523	3210
3210	3213	751	523	NULL
3215	3216	623	524	3214
3214	3217	752	524	NULL
3219	3220	514	525	3218
3218	3221	753	525	NULL
3223	3224	624	526	3222
3222	3225	754	526	NULL
3227	3228	625	527	3226
3226	3229	755	527	NULL
3231	3232	626	528	3230
3230	3233	756	528	NULL
3235	3236	627	529	3234
3234	3237	757	529	NULL
3239	3240	516	530	3238
3238	3241	758	530	NULL
3243	3244	628	531	3242
3242	3245	759	531	NULL
3247	3248	629	532	3246
3246	3249	760	532	NULL
3251	3252	518	533	3250
3250	3253	761	533	NULL
3255	3256	520	534	3254
3254	3257	762	534	NULL
3259	3260	522	535	3258
3258	3261	763	535	NULL
3263	3264	524	536	3262
3262	3265	764	536	NULL
3267	3268	526	537	3266
3266	3269	765	537	NULL
3271	3272	632	538	3270
3270	3273	766	538	NULL
3275	3276	528	539	3274
3274	3277	767	539	NULL
3279	3280	633	540	3278
3278	3281	768	540	NULL
3283	3284	530	541	3282
3282	3285	769	541	NULL
3287	3288	470	542	3286
3286	3289	770	542	NULL
3291	3292	635	543	3290
3290	3293	771	543	NULL
3295	3296	636	544	3294
3294	3297	772	544	NULL
3299	3300	637	545	3298
3298	3301	773	545	NULL
3303	3304	638	546	3302
3302	3305	774	546	NULL
3307	3308	639	547	3306
3306	3309	775	547	NULL
3311	3312	640	548	3310
3310	3313	776	548	NULL
3315	3316	641	549	3314
3314	3317	777	549	NULL
3319	3320	464	550	3318
3318	3321	778	550	NULL
3323	3324	465	551	3322
3322	3325	779	551	NULL
3327	3328	466	552	3326
3326	3329	780	552	NULL
3331	3332	643	553	3330
3330	3333	781	553	NULL
3335	3336	644	554	3334
3334	3337	782	554	NULL
3339	3340	533	555	3338
3338	3341	783	555	NULL
3343	3344	645	556	3342
3342	3345	784	556	NULL
3347	3348	646	557	3346
3346	3349	785	557	NULL
3351	3352	647	558	3350
3350	3353	786	558	NULL
3355	3356	648	559	3354
3354	3357	787	559	NULL
3359	3360	649	560	3358
3358	3361	788	560	NULL
3363	3364	650	561	3362
3362	3365	789	561	NULL
3367	3368	535	562	3366
3366	3369	790	562	NULL
3371	3372	536	563	3370
3370	3373	791	563	NULL
3375	3376	472	564	3374
3374	3377	792	564	NULL
3379	3380	537	565	3378
3381	3382	474	565	3378
3378	3383	793	565	NULL
3385	3386	538	566	3384
3387	3388	539	566	3384
3384	3389	794	566	NULL
3391	3392	540	567	3390
3393	3394	476	567	3390
3390	3395	795	567	NULL
3397	3398	542	568	3396
3399	3400	543	568	3396
3401	3402	544	568	3396
3396	3403	796	568	NULL
3405	3406	545	569	3404
3407	3408	478	569	3404
3404	3409	797	569	NULL
3411	3412	546	570	3410
3413	3414	547	570	3410
3415	3416	548	570	3410
3410	3417	798	570	NULL
3419	3420	549	571	3418
3421	3422	550	571	3418
3423	3424	551	571	3418
3418	3425	799	571	NULL
3427	3428	552	572	3426
3429	3430	480	572	3426
3426	3431	800	572	NULL
3433	3434	554	573	3432
3432	3435	801	573	NULL
3437	3438	555	574	3436
3439	3440	482	574	3436
3436	3441	802	574	NULL
3443	3444	556	575	3442
3445	3446	484	575	3442
3442	3447	803	575	NULL
3449	3450	557	576	3448
3451	3452	558	576	3448
3453	3454	559	576	3448
3448	3455	804	576	NULL
3457	3458	561	577	3456
3456	3459	805	577	NULL
3461	3462	562	578	3460
3463	3464	563	578	3460
3465	3466	564	578	3460
3460	3467	806	578	NULL
3469	3470	565	579	3468
3471	3472	486	579	3468
3468	3473	807	579	NULL
3475	3476	566	580	3474
3474	3477	808	580	NULL
3479	3480	488	581	3478
3478	3481	809	581	NULL
3483	3484	567	582	3482
3485	3486	490	582	3482
3487	3488	468	582	3482
3482	3489	810	582	NULL
3491	3492	569	583	3490
3490	3493	811	583	NULL
3495	3496	570	584	3494
3497	3498	492	584	3494
3494	3499	812	584	NULL
3501	3502	571	585	3500
3503	3504	572	585	3500
3500	3505	813	585	NULL
3507	3508	573	586	3506
3509	3510	574	586	3506
3511	3512	494	586	3506
3506	3513	814	586	NULL
3515	3516	496	587	3514
3514	3517	815	587	NULL
3519	3520	575	588	3518
3521	3522	577	588	3518
3523	3524	578	588	3518
3518	3525	816	588	NULL
3527	3528	579	589	3526
3529	3530	580	589	3526
3531	3532	581	589	3526
3533	3534	582	589	3526
3535	3536	583	589	3526
3526	3537	817	589	NULL
3539	3540	584	590	3538
3541	3542	585	590	3538
3543	3544	586	590	3538
3538	3545	818	590	NULL
3547	3548	587	591	3546
3549	3550	588	591	3546
3551	3552	589	591	3546
3553	3554	591	591	3546
3546	3555	819	591	NULL
3557	3558	592	592	3556
3556	3559	820	592	NULL
3561	3562	498	593	3560
3560	3563	821	593	NULL
3565	3566	500	594	3564
3564	3567	822	594	NULL
3569	3570	502	595	3568
3568	3571	823	595	NULL
3573	3574	504	596	3572
3572	3575	824	596	NULL
3577	3578	593	597	3576
3579	3580	594	597	3576
3581	3582	595	597	3576
3583	3584	596	597	3576
3576	3585	825	597	NULL
3587	3588	597	598	3586
3589	3590	598	598	3586
3586	3591	826	598	NULL
3593	3594	506	599	3592
3595	3596	600	599	3592
3597	3598	601	599	3592
3592	3599	827	599	NULL
3601	3602	602	600	3600
3603	3604	603	600	3600
3605	3606	604	600	3600
3607	3608	605	600	3600
3609	3610	606	600	3600
3600	3611	828	600	NULL
3613	3614	607	601	3612
3615	3616	608	601	3612
3617	3618	508	601	3612
3612	3619	829	601	NULL
3621	3622	610	602	3620
3623	3624	611	602	3620
3620	3625	830	602	NULL
3627	3628	510	603	3626
3626	3629	831	603	NULL
3631	3632	612	604	3630
3633	3634	613	604	3630
3630	3635	832	604	NULL
3637	3638	614	605	3636
3639	3640	615	605	3636
3641	3642	616	605	3636
3636	3643	833	605	NULL
3645	3646	512	606	3644
3644	3647	834	606	NULL
3649	3650	617	607	3648
3651	3652	618	607	3648
3648	3653	835	607	NULL
3655	3656	620	608	3654
3657	3658	621	608	3654
3659	3660	622	608	3654
3661	3662	623	608	3654
3663	3664	514	608	3654
3654	3665	836	608	NULL
3667	3668	624	609	3666
3669	3670	625	609	3666
3671	3672	626	609	3666
3666	3673	837	609	NULL
3675	3676	627	610	3674
3677	3678	516	610	3674
3674	3679	838	610	NULL
3681	3682	628	611	3680
3683	3684	629	611	3680
3680	3685	839	611	NULL
3687	3688	518	612	3686
3686	3689	840	612	NULL
3691	3692	520	613	3690
3690	3693	841	613	NULL
3695	3696	522	614	3694
3694	3697	842	614	NULL
3699	3700	524	615	3698
3698	3701	843	615	NULL
3703	3704	526	616	3702
3702	3705	844	616	NULL
3707	3708	632	617	3706
3706	3709	845	617	NULL
3711	3712	528	618	3710
3710	3713	846	618	NULL
3715	3716	633	619	3714
3717	3718	530	619	3714
3714	3719	847	619	NULL
3721	3722	470	620	3720
3720	3723	848	620	NULL
3725	3726	635	621	3724
3724	3727	849	621	NULL
3729	3730	636	622	3728
3728	3731	850	622	NULL
3733	3734	637	623	3732
3732	3735	851	623	NULL
3737	3738	638	624	3736
3736	3739	852	624	NULL
3741	3742	639	625	3740
3740	3743	853	625	NULL
3745	3746	640	626	3744
3744	3747	854	626	NULL
3749	3750	641	627	3748
3751	3752	464	627	3748
3748	3753	855	627	NULL
3755	3756	465	628	3754
3757	3758	466	628	3754
3754	3759	856	628	NULL
3761	3762	643	629	3760
3763	3764	644	629	3760
3765	3766	533	629	3760
3760	3767	857	629	NULL
3769	3770	645	630	3768
3768	3771	858	630	NULL
3773	3774	646	631	3772
3772	3775	859	631	NULL
3777	3778	647	632	3776
3779	3780	648	632	3776
3776	3781	860	632	NULL
3783	3784	649	633	3782
3785	3786	650	633	3782
3782	3787	861	633	NULL
3789	3790	464	634	3788
3791	3792	465	634	3788
3793	3794	466	634	3788
3788	3795	862	634	NULL
3797	3798	535	635	3796
3796	3799	863	635	NULL
3801	3802	536	636	3800
3800	3803	864	636	NULL
3805	3806	472	637	3804
3804	3807	865	637	NULL
3809	3810	537	638	3808
3808	3811	866	638	NULL
3813	3814	474	639	3812
3812	3815	867	639	NULL
3817	3818	538	640	3816
3816	3819	868	640	NULL
3821	3822	539	641	3820
3820	3823	869	641	NULL
3825	3826	540	642	3824
3824	3827	870	642	NULL
3829	3830	476	643	3828
3828	3831	871	643	NULL
3833	3834	542	644	3832
3832	3835	872	644	NULL
3837	3838	543	645	3836
3836	3839	873	645	NULL
3841	3842	544	646	3840
3840	3843	874	646	NULL
3845	3846	545	647	3844
3844	3847	875	647	NULL
3849	3850	478	648	3848
3848	3851	876	648	NULL
3853	3854	546	649	3852
3852	3855	877	649	NULL
3857	3858	547	650	3856
3856	3859	878	650	NULL
3861	3862	548	651	3860
3860	3863	879	651	NULL
3865	3866	549	652	3864
3864	3867	880	652	NULL
3869	3870	550	653	3868
3868	3871	881	653	NULL
3873	3874	551	654	3872
3872	3875	882	654	NULL
3877	3878	552	655	3876
3876	3879	883	655	NULL
3881	3882	480	656	3880
3880	3883	884	656	NULL
3885	3886	554	657	3884
3884	3887	885	657	NULL
3889	3890	555	658	3888
3888	3891	886	658	NULL
3893	3894	482	659	3892
3892	3895	887	659	NULL
3897	3898	556	660	3896
3896	3899	888	660	NULL
3901	3902	484	661	3900
3900	3903	889	661	NULL
3905	3906	557	662	3904
3904	3907	890	662	NULL
3909	3910	558	663	3908
3908	3911	891	663	NULL
3913	3914	559	664	3912
3912	3915	892	664	NULL
3917	3918	561	665	3916
3916	3919	893	665	NULL
3921	3922	562	666	3920
3920	3923	894	666	NULL
3925	3926	563	667	3924
3924	3927	895	667	NULL
3929	3930	564	668	3928
3928	3931	896	668	NULL
3933	3934	565	669	3932
3932	3935	897	669	NULL
3937	3938	486	670	3936
3936	3939	898	670	NULL
3941	3942	566	671	3940
3940	3943	899	671	NULL
3945	3946	488	672	3944
3944	3947	900	672	NULL
3949	3950	567	673	3948
3948	3951	901	673	NULL
3953	3954	490	674	3952
3955	3956	468	674	3952
3952	3957	902	674	NULL
3959	3960	569	675	3958
3958	3961	903	675	NULL
3963	3964	570	676	3962
3962	3965	904	676	NULL
3967	3968	492	677	3966
3966	3969	905	677	NULL
3971	3972	571	678	3970
3970	3973	906	678	NULL
3975	3976	572	679	3974
3974	3977	907	679	NULL
3979	3980	573	680	3978
3978	3981	908	680	NULL
3983	3984	574	681	3982
3982	3985	909	681	NULL
3987	3988	494	682	3986
3986	3989	910	682	NULL
3991	3992	496	683	3990
3990	3993	911	683	NULL
3995	3996	575	684	3994
3994	3997	912	684	NULL
3999	4000	577	685	3998
3998	4001	913	685	NULL
4003	4004	578	686	4002
4002	4005	914	686	NULL
4007	4008	579	687	4006
4006	4009	915	687	NULL
4011	4012	580	688	4010
4010	4013	916	688	NULL
4015	4016	581	689	4014
4014	4017	917	689	NULL
4019	4020	582	690	4018
4018	4021	918	690	NULL
4023	4024	583	691	4022
4022	4025	919	691	NULL
4027	4028	584	692	4026
4026	4029	920	692	NULL
4031	4032	585	693	4030
4030	4033	921	693	NULL
4035	4036	586	694	4034
4034	4037	922	694	NULL
4039	4040	587	695	4038
4038	4041	923	695	NULL
4043	4044	588	696	4042
4042	4045	924	696	NULL
4047	4048	589	697	4046
4049	4050	591	697	4046
4046	4051	925	697	NULL
4053	4054	592	698	4052
4052	4055	926	698	NULL
4057	4058	498	699	4056
4056	4059	927	699	NULL
4061	4062	500	700	4060
4060	4063	928	700	NULL
4065	4066	502	701	4064
4064	4067	929	701	NULL
4069	4070	504	702	4068
4068	4071	930	702	NULL
4073	4074	593	703	4072
4072	4075	931	703	NULL
4077	4078	594	704	4076
4076	4079	932	704	NULL
4081	4082	595	705	4080
4080	4083	933	705	NULL
4085	4086	596	706	4084
4084	4087	934	706	NULL
4089	4090	597	707	4088
4088	4091	935	707	NULL
4093	4094	598	708	4092
4092	4095	936	708	NULL
4097	4098	506	709	4096
4096	4099	937	709	NULL
4101	4102	600	710	4100
4100	4103	938	710	NULL
4105	4106	601	711	4104
4104	4107	939	711	NULL
4109	4110	602	712	4108
4108	4111	940	712	NULL
4113	4114	603	713	4112
4112	4115	941	713	NULL
4117	4118	604	714	4116
4116	4119	942	714	NULL
4121	4122	605	715	4120
4123	4124	606	715	4120
4120	4125	943	715	NULL
4127	4128	607	716	4126
4126	4129	944	716	NULL
4131	4132	608	717	4130
4130	4133	945	717	NULL
4135	4136	508	718	4134
4134	4137	946	718	NULL
4139	4140	610	719	4138
4138	4141	947	719	NULL
4143	4144	611	720	4142
4142	4145	948	720	NULL
4147	4148	510	721	4146
4146	4149	949	721	NULL
4151	4152	612	722	4150
4150	4153	950	722	NULL
4155	4156	613	723	4154
4154	4157	951	723	NULL
4159	4160	614	724	4158
4158	4161	952	724	NULL
4163	4164	615	725	4162
4162	4165	953	725	NULL
4167	4168	616	726	4166
4166	4169	954	726	NULL
4171	4172	512	727	4170
4170	4173	955	727	NULL
4175	4176	617	728	4174
4174	4177	956	728	NULL
4179	4180	618	729	4178
4178	4181	957	729	NULL
4183	4184	620	730	4182
4182	4185	958	730	NULL
4187	4188	621	731	4186
4186	4189	959	731	NULL
4191	4192	622	732	4190
4190	4193	960	732	NULL
4195	4196	623	733	4194
4194	4197	961	733	NULL
4199	4200	514	734	4198
4198	4201	962	734	NULL
4203	4204	624	735	4202
4202	4205	963	735	NULL
4207	4208	625	736	4206
4206	4209	964	736	NULL
4211	4212	626	737	4210
4210	4213	965	737	NULL
4215	4216	627	738	4214
4214	4217	966	738	NULL
4219	4220	516	739	4218
4218	4221	967	739	NULL
4223	4224	628	740	4222
4222	4225	968	740	NULL
4227	4228	629	741	4226
4226	4229	969	741	NULL
4231	4232	518	742	4230
4230	4233	970	742	NULL
4235	4236	631	743	4234
4234	4237	971	743	NULL
4239	4240	520	744	4238
4238	4241	972	744	NULL
4243	4244	522	745	4242
4242	4245	973	745	NULL
4247	4248	524	746	4246
4246	4249	974	746	NULL
4251	4252	526	747	4250
4250	4253	975	747	NULL
4255	4256	632	748	4254
4254	4257	976	748	NULL
4259	4260	528	749	4258
4258	4261	977	749	NULL
4263	4264	633	750	4262
4262	4265	978	750	NULL
4267	4268	530	751	4266
4266	4269	979	751	NULL
4271	4272	470	752	4270
4270	4273	980	752	NULL
4275	4276	635	753	4274
4274	4277	981	753	NULL
4279	4280	636	754	4278
4278	4281	982	754	NULL
4283	4284	637	755	4282
4282	4285	983	755	NULL
4287	4288	638	756	4286
4286	4289	984	756	NULL
4291	4292	639	757	4290
4290	4293	985	757	NULL
4295	4296	640	758	4294
4294	4297	986	758	NULL
4299	4300	641	759	4298
4298	4301	987	759	NULL
4303	4304	464	760	4302
4302	4305	988	760	NULL
4307	4308	465	761	4306
4306	4309	989	761	NULL
4311	4312	466	762	4310
4310	4313	990	762	NULL
4315	4316	643	763	4314
4314	4317	991	763	NULL
4319	4320	644	764	4318
4318	4321	992	764	NULL
4323	4324	533	765	4322
4322	4325	993	765	NULL
4327	4328	645	766	4326
4326	4329	994	766	NULL
4331	4332	646	767	4330
4330	4333	995	767	NULL
4335	4336	647	768	4334
4334	4337	996	768	NULL
4339	4340	648	769	4338
4338	4341	997	769	NULL
4343	4344	649	770	4342
4342	4345	998	770	NULL
4347	4348	650	771	4346
4346	4349	999	771	NULL
4351	4352	535	772	4350
4350	4353	1000	772	NULL
4355	4356	536	773	4354
4354	4357	1001	773	NULL
4359	4360	472	774	4358
4358	4361	1002	774	NULL
4363	4364	537	775	4362
4365	4366	474	775	4362
4362	4367	1003	775	NULL
4369	4370	538	776	4368
4371	4372	539	776	4368
4368	4373	1004	776	NULL
4375	4376	540	777	4374
4377	4378	476	777	4374
4374	4379	1005	777	NULL
4381	4382	542	778	4380
4383	4384	543	778	4380
4385	4386	544	778	4380
4380	4387	1006	778	NULL
4389	4390	545	779	4388
4391	4392	478	779	4388
4388	4393	1007	779	NULL
4395	4396	546	780	4394
4397	4398	547	780	4394
4399	4400	548	780	4394
4394	4401	1008	780	NULL
4403	4404	549	781	4402
4405	4406	550	781	4402
4407	4408	551	781	4402
4402	4409	1009	781	NULL
4411	4412	552	782	4410
4413	4414	480	782	4410
4410	4415	1010	782	NULL
4417	4418	554	783	4416
4416	4419	1011	783	NULL
4421	4422	555	784	4420
4423	4424	482	784	4420
4420	4425	1012	784	NULL
4427	4428	556	785	4426
4429	4430	484	785	4426
4426	4431	1013	785	NULL
4433	4434	557	786	4432
4435	4436	558	786	4432
4437	4438	559	786	4432
4432	4439	1014	786	NULL
4441	4442	561	787	4440
4440	4443	1015	787	NULL
4445	4446	562	788	4444
4447	4448	563	788	4444
4449	4450	564	788	4444
4444	4451	1016	788	NULL
4453	4454	565	789	4452
4455	4456	486	789	4452
4452	4457	1017	789	NULL
4459	4460	566	790	4458
4458	4461	1018	790	NULL
4463	4464	488	791	4462
4462	4465	1019	791	NULL
4467	4468	567	792	4466
4469	4470	490	792	4466
4471	4472	468	792	4466
4466	4473	1020	792	NULL
4475	4476	569	793	4474
4474	4477	1021	793	NULL
4479	4480	570	794	4478
4481	4482	492	794	4478
4478	4483	1022	794	NULL
4485	4486	571	795	4484
4487	4488	572	795	4484
4484	4489	1023	795	NULL
4491	4492	573	796	4490
4493	4494	574	796	4490
4495	4496	494	796	4490
4490	4497	1024	796	NULL
4499	4500	496	797	4498
4498	4501	1025	797	NULL
4503	4504	575	798	4502
4505	4506	577	798	4502
4507	4508	578	798	4502
4502	4509	1026	798	NULL
4511	4512	579	799	4510
4513	4514	580	799	4510
4515	4516	581	799	4510
4517	4518	582	799	4510
4519	4520	583	799	4510
4510	4521	1027	799	NULL
4523	4524	584	800	4522
4525	4526	585	800	4522
4527	4528	586	800	4522
4522	4529	1028	800	NULL
4531	4532	587	801	4530
4533	4534	588	801	4530
4535	4536	589	801	4530
4537	4538	591	801	4530
4530	4539	1029	801	NULL
4541	4542	592	802	4540
4540	4543	1030	802	NULL
4545	4546	498	803	4544
4544	4547	1031	803	NULL
4549	4550	500	804	4548
4548	4551	1032	804	NULL
4553	4554	502	805	4552
4552	4555	1033	805	NULL
4557	4558	504	806	4556
4556	4559	1034	806	NULL
4561	4562	593	807	4560
4563	4564	594	807	4560
4565	4566	595	807	4560
4567	4568	596	807	4560
4560	4569	1035	807	NULL
4571	4572	597	808	4570
4573	4574	598	808	4570
4570	4575	1036	808	NULL
4577	4578	506	809	4576
4579	4580	600	809	4576
4581	4582	601	809	4576
4576	4583	1037	809	NULL
4585	4586	602	810	4584
4587	4588	603	810	4584
4589	4590	604	810	4584
4591	4592	605	810	4584
4593	4594	606	810	4584
4584	4595	1038	810	NULL
4597	4598	607	811	4596
4599	4600	608	811	4596
4601	4602	508	811	4596
4596	4603	1039	811	NULL
4605	4606	610	812	4604
4607	4608	611	812	4604
4604	4609	1040	812	NULL
4611	4612	510	813	4610
4610	4613	1041	813	NULL
4615	4616	612	814	4614
4617	4618	613	814	4614
4614	4619	1042	814	NULL
4621	4622	614	815	4620
4623	4624	615	815	4620
4625	4626	616	815	4620
4620	4627	1043	815	NULL
4629	4630	512	816	4628
4628	4631	1044	816	NULL
4633	4634	617	817	4632
4635	4636	618	817	4632
4632	4637	1045	817	NULL
4639	4640	620	818	4638
4641	4642	621	818	4638
4643	4644	622	818	4638
4645	4646	623	818	4638
4647	4648	514	818	4638
4638	4649	1046	818	NULL
4651	4652	624	819	4650
4653	4654	625	819	4650
4655	4656	626	819	4650
4650	4657	1047	819	NULL
4659	4660	627	820	4658
4661	4662	516	820	4658
4658	4663	1048	820	NULL
4665	4666	628	821	4664
4667	4668	629	821	4664
4664	4669	1049	821	NULL
4671	4672	518	822	4670
4670	4673	1050	822	NULL
4675	4676	631	823	4674
4674	4677	1051	823	NULL
4679	4680	520	824	4678
4678	4681	1052	824	NULL
4683	4684	522	825	4682
4682	4685	1053	825	NULL
4687	4688	524	826	4686
4686	4689	1054	826	NULL
4691	4692	526	827	4690
4690	4693	1055	827	NULL
4695	4696	632	828	4694
4694	4697	1056	828	NULL
4699	4700	528	829	4698
4698	4701	1057	829	NULL
4703	4704	633	830	4702
4705	4706	530	830	4702
4702	4707	1058	830	NULL
4709	4710	470	831	4708
4708	4711	1059	831	NULL
4713	4714	635	832	4712
4712	4715	1060	832	NULL
4717	4718	636	833	4716
4716	4719	1061	833	NULL
4721	4722	637	834	4720
4720	4723	1062	834	NULL
4725	4726	638	835	4724
4724	4727	1063	835	NULL
4729	4730	639	836	4728
4728	4731	1064	836	NULL
4733	4734	640	837	4732
4732	4735	1065	837	NULL
4737	4738	641	838	4736
4739	4740	464	838	4736
4736	4741	1066	838	NULL
4743	4744	465	839	4742
4745	4746	466	839	4742
4742	4747	1067	839	NULL
4749	4750	643	840	4748
4751	4752	644	840	4748
4753	4754	533	840	4748
4748	4755	1068	840	NULL
4757	4758	645	841	4756
4756	4759	1069	841	NULL
4761	4762	646	842	4760
4760	4763	1070	842	NULL
4765	4766	647	843	4764
4767	4768	648	843	4764
4764	4769	1071	843	NULL
4771	4772	649	844	4770
4773	4774	650	844	4770
4770	4775	1072	844	NULL
4777	4778	535	845	4776
4779	4780	536	845	4776
4781	4782	472	845	4776
4783	4784	537	845	4776
4785	4786	474	845	4776
4787	4788	538	845	4776
4789	4790	539	845	4776
4791	4792	540	845	4776
4793	4794	476	845	4776
4795	4796	542	845	4776
4797	4798	543	845	4776
4799	4800	544	845	4776
4801	4802	545	845	4776
4803	4804	478	845	4776
4805	4806	546	845	4776
4807	4808	547	845	4776
4809	4810	548	845	4776
4811	4812	549	845	4776
4813	4814	550	845	4776
4815	4816	551	845	4776
4817	4818	552	845	4776
4819	4820	480	845	4776
4821	4822	554	845	4776
4823	4824	555	845	4776
4825	4826	482	845	4776
4827	4828	556	845	4776
4829	4830	484	845	4776
4831	4832	557	845	4776
4833	4834	558	845	4776
4835	4836	559	845	4776
4837	4838	561	845	4776
4839	4840	562	845	4776
4841	4842	563	845	4776
4843	4844	564	845	4776
4845	4846	565	845	4776
4847	4848	486	845	4776
4849	4850	566	845	4776
4851	4852	488	845	4776
4853	4854	567	845	4776
4855	4856	490	845	4776
4857	4858	468	845	4776
4859	4860	569	845	4776
4861	4862	570	845	4776
4863	4864	492	845	4776
4865	4866	571	845	4776
4867	4868	572	845	4776
4869	4870	573	845	4776
4871	4872	574	845	4776
4873	4874	494	845	4776
4875	4876	496	845	4776
4877	4878	575	845	4776
4879	4880	577	845	4776
4881	4882	578	845	4776
4883	4884	579	845	4776
4885	4886	580	845	4776
4887	4888	581	845	4776
4889	4890	582	845	4776
4891	4892	583	845	4776
4893	4894	584	845	4776
4895	4896	585	845	4776
4897	4898	586	845	4776
4899	4900	587	845	4776
4901	4902	588	845	4776
4903	4904	589	845	4776
4905	4906	591	845	4776
4907	4908	592	845	4776
4909	4910	498	845	4776
4911	4912	500	845	4776
4913	4914	502	845	4776
4915	4916	504	845	4776
4917	4918	593	845	4776
4919	4920	594	845	4776
4921	4922	595	845	4776
4923	4924	596	845	4776
4925	4926	597	845	4776
4927	4928	598	845	4776
4929	4930	506	845	4776
4931	4932	600	845	4776
4933	4934	601	845	4776
4935	4936	602	845	4776
4937	4938	603	845	4776
4939	4940	604	845	4776
4941	4942	605	845	4776
4943	4944	606	845	4776
4945	4946	607	845	4776
4947	4948	608	845	4776
4949	4950	508	845	4776
4951	4952	610	845	4776
4953	4954	611	845	4776
4955	4956	510	845	4776
4957	4958	612	845	4776
4959	4960	613	845	4776
4961	4962	614	845	4776
4963	4964	615	845	4776
4965	4966	616	845	4776
4967	4968	512	845	4776
4969	4970	617	845	4776
4971	4972	618	845	4776
4973	4974	620	845	4776
4975	4976	621	845	4776
4977	4978	622	845	4776
4979	4980	623	845	4776
4981	4982	514	845	4776
4983	4984	624	845	4776
4985	4986	625	845	4776
4987	4988	626	845	4776
4989	4990	627	845	4776
4991	4992	516	845	4776
4993	4994	628	845	4776
4995	4996	629	845	4776
4997	4998	518	845	4776
4999	5000	631	845	4776
5001	5002	520	845	4776
5003	5004	522	845	4776
5005	5006	524	845	4776
5007	5008	526	845	4776
5009	5010	632	845	4776
5011	5012	528	845	4776
5013	5014	633	845	4776
5015	5016	530	845	4776
5017	5018	470	845	4776
5019	5020	635	845	4776
5021	5022	636	845	4776
5023	5024	637	845	4776
5025	5026	638	845	4776
5027	5028	639	845	4776
5029	5030	640	845	4776
5031	5032	641	845	4776
5033	5034	464	845	4776
5035	5036	465	845	4776
5037	5038	466	845	4776
5039	5040	643	845	4776
5041	5042	644	845	4776
5043	5044	533	845	4776
5045	5046	645	845	4776
5047	5048	646	845	4776
5049	5050	647	845	4776
5051	5052	648	845	4776
5053	5054	649	845	4776
5055	5056	650	845	4776
4776	5057	1073	845	NULL
5059	5060	535	846	5058
5058	5061	1074	846	NULL
5063	5064	536	847	5062
5062	5065	1075	847	NULL
5067	5068	472	848	5066
5066	5069	1076	848	NULL
5071	5072	537	849	5070
5070	5073	1077	849	NULL
5075	5076	474	850	5074
5074	5077	1078	850	NULL
5079	5080	538	851	5078
5078	5081	1079	851	NULL
5083	5084	539	852	5082
5082	5085	1080	852	NULL
5087	5088	540	853	5086
5086	5089	1081	853	NULL
5091	5092	476	854	5090
5090	5093	1082	854	NULL
5095	5096	542	855	5094
5094	5097	1083	855	NULL
5099	5100	543	856	5098
5098	5101	1084	856	NULL
5103	5104	544	857	5102
5102	5105	1085	857	NULL
5107	5108	545	858	5106
5106	5109	1086	858	NULL
5111	5112	478	859	5110
5110	5113	1087	859	NULL
5115	5116	546	860	5114
5114	5117	1088	860	NULL
5119	5120	547	861	5118
5118	5121	1089	861	NULL
5123	5124	548	862	5122
5122	5125	1090	862	NULL
5127	5128	549	863	5126
5126	5129	1091	863	NULL
5131	5132	550	864	5130
5130	5133	1092	864	NULL
5135	5136	551	865	5134
5134	5137	1093	865	NULL
5139	5140	552	866	5138
5138	5141	1094	866	NULL
5143	5144	480	867	5142
5142	5145	1095	867	NULL
5147	5148	554	868	5146
5146	5149	1096	868	NULL
5151	5152	555	869	5150
5150	5153	1097	869	NULL
5155	5156	482	870	5154
5154	5157	1098	870	NULL
5159	5160	556	871	5158
5158	5161	1099	871	NULL
5163	5164	484	872	5162
5162	5165	1100	872	NULL
5167	5168	557	873	5166
5166	5169	1101	873	NULL
5171	5172	558	874	5170
5170	5173	1102	874	NULL
5175	5176	559	875	5174
5174	5177	1103	875	NULL
5179	5180	561	876	5178
5178	5181	1104	876	NULL
5183	5184	562	877	5182
5182	5185	1105	877	NULL
5187	5188	563	878	5186
5186	5189	1106	878	NULL
5191	5192	564	879	5190
5190	5193	1107	879	NULL
5195	5196	565	880	5194
5194	5197	1108	880	NULL
5199	5200	486	881	5198
5198	5201	1109	881	NULL
5203	5204	566	882	5202
5202	5205	1110	882	NULL
5207	5208	488	883	5206
5206	5209	1111	883	NULL
5211	5212	567	884	5210
5210	5213	1112	884	NULL
5215	5216	490	885	5214
5217	5218	468	885	5214
5214	5219	1113	885	NULL
5221	5222	569	886	5220
5220	5223	1114	886	NULL
5225	5226	570	887	5224
5224	5227	1115	887	NULL
5229	5230	492	888	5228
5228	5231	1116	888	NULL
5233	5234	571	889	5232
5232	5235	1117	889	NULL
5237	5238	572	890	5236
5236	5239	1118	890	NULL
5241	5242	573	891	5240
5240	5243	1119	891	NULL
5245	5246	574	892	5244
5244	5247	1120	892	NULL
5249	5250	494	893	5248
5248	5251	1121	893	NULL
5253	5254	496	894	5252
5252	5255	1122	894	NULL
5257	5258	575	895	5256
5256	5259	1123	895	NULL
5261	5262	577	896	5260
5260	5263	1124	896	NULL
5265	5266	578	897	5264
5264	5267	1125	897	NULL
5269	5270	579	898	5268
5268	5271	1126	898	NULL
5273	5274	580	899	5272
5272	5275	1127	899	NULL
5277	5278	581	900	5276
5276	5279	1128	900	NULL
5281	5282	582	901	5280
5280	5283	1129	901	NULL
5285	5286	583	902	5284
5284	5287	1130	902	NULL
5289	5290	584	903	5288
5288	5291	1131	903	NULL
5293	5294	585	904	5292
5292	5295	1132	904	NULL
5297	5298	586	905	5296
5296	5299	1133	905	NULL
5301	5302	587	906	5300
5300	5303	1134	906	NULL
5305	5306	588	907	5304
5304	5307	1135	907	NULL
5309	5310	589	908	5308
5311	5312	591	908	5308
5308	5313	1136	908	NULL
5315	5316	592	909	5314
5314	5317	1137	909	NULL
5319	5320	498	910	5318
5318	5321	1138	910	NULL
5323	5324	500	911	5322
5322	5325	1139	911	NULL
5327	5328	502	912	5326
5326	5329	1140	912	NULL
5331	5332	504	913	5330
5330	5333	1141	913	NULL
5335	5336	593	914	5334
5334	5337	1142	914	NULL
5339	5340	594	915	5338
5338	5341	1143	915	NULL
5343	5344	595	916	5342
5342	5345	1144	916	NULL
5347	5348	596	917	5346
5346	5349	1145	917	NULL
5351	5352	597	918	5350
5350	5353	1146	918	NULL
5355	5356	598	919	5354
5354	5357	1147	919	NULL
5359	5360	506	920	5358
5358	5361	1148	920	NULL
5363	5364	600	921	5362
5362	5365	1149	921	NULL
5367	5368	601	922	5366
5366	5369	1150	922	NULL
5371	5372	602	923	5370
5370	5373	1151	923	NULL
5375	5376	603	924	5374
5374	5377	1152	924	NULL
5379	5380	604	925	5378
5378	5381	1153	925	NULL
5383	5384	605	926	5382
5385	5386	606	926	5382
5382	5387	1154	926	NULL
5389	5390	607	927	5388
5388	5391	1155	927	NULL
5393	5394	608	928	5392
5392	5395	1156	928	NULL
5397	5398	508	929	5396
5396	5399	1157	929	NULL
5401	5402	610	930	5400
5400	5403	1158	930	NULL
5405	5406	611	931	5404
5404	5407	1159	931	NULL
5409	5410	510	932	5408
5408	5411	1160	932	NULL
5413	5414	612	933	5412
5412	5415	1161	933	NULL
5417	5418	613	934	5416
5416	5419	1162	934	NULL
5421	5422	614	935	5420
5420	5423	1163	935	NULL
5425	5426	615	936	5424
5424	5427	1164	936	NULL
5429	5430	616	937	5428
5428	5431	1165	937	NULL
5433	5434	512	938	5432
5432	5435	1166	938	NULL
5437	5438	617	939	5436
5436	5439	1167	939	NULL
5441	5442	618	940	5440
5440	5443	1168	940	NULL
5445	5446	620	941	5444
5444	5447	1169	941	NULL
5449	5450	621	942	5448
5448	5451	1170	942	NULL
5453	5454	622	943	5452
5452	5455	1171	943	NULL
5457	5458	623	944	5456
5456	5459	1172	944	NULL
5461	5462	514	945	5460
5460	5463	1173	945	NULL
5465	5466	624	946	5464
5464	5467	1174	946	NULL
5469	5470	625	947	5468
5468	5471	1175	947	NULL
5473	5474	626	948	5472
5472	5475	1176	948	NULL
5477	5478	627	949	5476
5476	5479	1177	949	NULL
5481	5482	516	950	5480
5480	5483	1178	950	NULL
5485	5486	628	951	5484
5484	5487	1179	951	NULL
5489	5490	629	952	5488
5488	5491	1180	952	NULL
5493	5494	518	953	5492
5492	5495	1181	953	NULL
5497	5498	631	954	5496
5496	5499	1182	954	NULL
5501	5502	520	955	5500
5500	5503	1183	955	NULL
5505	5506	522	956	5504
5504	5507	1184	956	NULL
5509	5510	524	957	5508
5508	5511	1185	957	NULL
5513	5514	526	958	5512
5512	5515	1186	958	NULL
5517	5518	632	959	5516
5516	5519	1187	959	NULL
5521	5522	528	960	5520
5520	5523	1188	960	NULL
5525	5526	633	961	5524
5524	5527	1189	961	NULL
5529	5530	530	962	5528
5528	5531	1190	962	NULL
5533	5534	470	963	5532
5532	5535	1191	963	NULL
5537	5538	635	964	5536
5536	5539	1192	964	NULL
5541	5542	636	965	5540
5540	5543	1193	965	NULL
5545	5546	637	966	5544
5544	5547	1194	966	NULL
5549	5550	638	967	5548
5548	5551	1195	967	NULL
5553	5554	639	968	5552
5552	5555	1196	968	NULL
5557	5558	640	969	5556
5556	5559	1197	969	NULL
5561	5562	641	970	5560
5560	5563	1198	970	NULL
5565	5566	464	971	5564
5564	5567	1199	971	NULL
5569	5570	465	972	5568
5568	5571	1200	972	NULL
5573	5574	466	973	5572
5572	5575	1201	973	NULL
5577	5578	643	974	5576
5576	5579	1202	974	NULL
5581	5582	644	975	5580
5580	5583	1203	975	NULL
5585	5586	533	976	5584
5584	5587	1204	976	NULL
5589	5590	645	977	5588
5588	5591	1205	977	NULL
5593	5594	646	978	5592
5592	5595	1206	978	NULL
5597	5598	647	979	5596
5596	5599	1207	979	NULL
5601	5602	648	980	5600
5600	5603	1208	980	NULL
5605	5606	649	981	5604
5604	5607	1209	981	NULL
5609	5610	650	982	5608
5608	5611	1210	982	NULL
5613	5614	535	983	5612
5615	5616	536	983	5612
5617	5618	472	983	5612
5619	5620	537	983	5612
5621	5622	474	983	5612
5623	5624	538	983	5612
5625	5626	539	983	5612
5627	5628	540	983	5612
5629	5630	476	983	5612
5631	5632	542	983	5612
5633	5634	543	983	5612
5635	5636	544	983	5612
5637	5638	545	983	5612
5639	5640	478	983	5612
5641	5642	546	983	5612
5643	5644	547	983	5612
5645	5646	548	983	5612
5647	5648	549	983	5612
5649	5650	550	983	5612
5651	5652	551	983	5612
5653	5654	552	983	5612
5655	5656	480	983	5612
5657	5658	554	983	5612
5659	5660	555	983	5612
5661	5662	482	983	5612
5663	5664	556	983	5612
5665	5666	484	983	5612
5667	5668	557	983	5612
5669	5670	558	983	5612
5671	5672	559	983	5612
5673	5674	561	983	5612
5675	5676	562	983	5612
5677	5678	563	983	5612
5679	5680	564	983	5612
5681	5682	565	983	5612
5683	5684	486	983	5612
5685	5686	566	983	5612
5687	5688	488	983	5612
5689	5690	567	983	5612
5691	5692	490	983	5612
5693	5694	468	983	5612
5695	5696	569	983	5612
5697	5698	570	983	5612
5699	5700	492	983	5612
5701	5702	571	983	5612
5703	5704	572	983	5612
5705	5706	573	983	5612
5707	5708	574	983	5612
5709	5710	494	983	5612
5711	5712	496	983	5612
5713	5714	575	983	5612
5715	5716	577	983	5612
5717	5718	578	983	5612
5719	5720	579	983	5612
5721	5722	580	983	5612
5723	5724	581	983	5612
5725	5726	582	983	5612
5727	5728	583	983	5612
5729	5730	584	983	5612
5731	5732	585	983	5612
5733	5734	586	983	5612
5735	5736	587	983	5612
5737	5738	588	983	5612
5739	5740	589	983	5612
5741	5742	591	983	5612
5743	5744	592	983	5612
5745	5746	498	983	5612
5747	5748	500	983	5612
5749	5750	502	983	5612
5751	5752	504	983	5612
5753	5754	593	983	5612
5755	5756	594	983	5612
5757	5758	595	983	5612
5759	5760	596	983	5612
5761	5762	597	983	5612
5763	5764	598	983	5612
5765	5766	506	983	5612
5767	5768	600	983	5612
5769	5770	601	983	5612
5771	5772	602	983	5612
5773	5774	603	983	5612
5775	5776	604	983	5612
5777	5778	605	983	5612
5779	5780	606	983	5612
5781	5782	607	983	5612
5783	5784	608	983	5612
5785	5786	508	983	5612
5787	5788	610	983	5612
5789	5790	611	983	5612
5791	5792	510	983	5612
5793	5794	612	983	5612
5795	5796	613	983	5612
5797	5798	614	983	5612
5799	5800	615	983	5612
5801	5802	616	983	5612
5803	5804	512	983	5612
5805	5806	617	983	5612
5807	5808	618	983	5612
5809	5810	620	983	5612
5811	5812	621	983	5612
5813	5814	622	983	5612
5815	5816	623	983	5612
5817	5818	514	983	5612
5819	5820	624	983	5612
5821	5822	625	983	5612
5823	5824	626	983	5612
5825	5826	627	983	5612
5827	5828	516	983	5612
5829	5830	628	983	5612
5831	5832	629	983	5612
5612	5833	1211	983	NULL
5835	5836	518	984	5834
5837	5838	631	984	5834
5839	5840	520	984	5834
5841	5842	522	984	5834
5843	5844	524	984	5834
5845	5846	526	984	5834
5847	5848	632	984	5834
5849	5850	528	984	5834
5851	5852	633	984	5834
5853	5854	530	984	5834
5855	5856	470	984	5834
5857	5858	635	984	5834
5859	5860	636	984	5834
5861	5862	637	984	5834
5863	5864	638	984	5834
5834	5865	1212	984	NULL
5867	5868	639	985	5866
5869	5870	640	985	5866
5871	5872	641	985	5866
5873	5874	464	985	5866
5875	5876	465	985	5866
5877	5878	466	985	5866
5879	5880	643	985	5866
5881	5882	644	985	5866
5883	5884	533	985	5866
5885	5886	645	985	5866
5887	5888	646	985	5866
5889	5890	647	985	5866
5891	5892	648	985	5866
5893	5894	649	985	5866
5895	5896	650	985	5866
5866	5897	1213	985	NULL
5899	5900	535	986	5898
5901	5902	536	986	5898
5903	5904	472	986	5898
5905	5906	537	986	5898
5907	5908	474	986	5898
5909	5910	538	986	5898
5911	5912	539	986	5898
5913	5914	540	986	5898
5915	5916	476	986	5898
5917	5918	542	986	5898
5919	5920	543	986	5898
5921	5922	544	986	5898
5923	5924	545	986	5898
5925	5926	478	986	5898
5927	5928	546	986	5898
5929	5930	547	986	5898
5931	5932	548	986	5898
5933	5934	549	986	5898
5935	5936	550	986	5898
5937	5938	551	986	5898
5939	5940	552	986	5898
5941	5942	480	986	5898
5943	5944	554	986	5898
5945	5946	555	986	5898
5947	5948	482	986	5898
5898	5949	1214	986	NULL
5951	5952	556	987	5950
5953	5954	484	987	5950
5955	5956	557	987	5950
5957	5958	558	987	5950
5959	5960	559	987	5950
5961	5962	561	987	5950
5963	5964	562	987	5950
5965	5966	563	987	5950
5967	5968	564	987	5950
5969	5970	565	987	5950
5971	5972	486	987	5950
5950	5973	1215	987	NULL
5975	5976	566	988	5974
5977	5978	488	988	5974
5979	5980	567	988	5974
5981	5982	490	988	5974
5983	5984	468	988	5974
5985	5986	569	988	5974
5987	5988	570	988	5974
5989	5990	492	988	5974
5991	5992	571	988	5974
5993	5994	572	988	5974
5995	5996	573	988	5974
5997	5998	574	988	5974
5999	6000	494	988	5974
6001	6002	496	988	5974
6003	6004	575	988	5974
6005	6006	577	988	5974
6007	6008	578	988	5974
5974	6009	1216	988	NULL
6011	6012	579	989	6010
6013	6014	580	989	6010
6015	6016	581	989	6010
6017	6018	582	989	6010
6019	6020	583	989	6010
6010	6021	1217	989	NULL
6023	6024	584	990	6022
6025	6026	585	990	6022
6027	6028	586	990	6022
6022	6029	1218	990	NULL
6031	6032	587	991	6030
6033	6034	588	991	6030
6035	6036	589	991	6030
6037	6038	591	991	6030
6030	6039	1219	991	NULL
6041	6042	592	992	6040
6043	6044	498	992	6040
6045	6046	500	992	6040
6040	6047	1220	992	NULL
6049	6050	502	993	6048
6051	6052	504	993	6048
6053	6054	593	993	6048
6055	6056	594	993	6048
6057	6058	595	993	6048
6059	6060	596	993	6048
6061	6062	597	993	6048
6063	6064	598	993	6048
6065	6066	506	993	6048
6067	6068	600	993	6048
6069	6070	601	993	6048
6071	6072	602	993	6048
6073	6074	603	993	6048
6075	6076	604	993	6048
6077	6078	605	993	6048
6079	6080	606	993	6048
6048	6081	1221	993	NULL
6083	6084	607	994	6082
6085	6086	608	994	6082
6087	6088	508	994	6082
6089	6090	610	994	6082
6091	6092	611	994	6082
6093	6094	510	994	6082
6095	6096	612	994	6082
6097	6098	613	994	6082
6082	6099	1222	994	NULL
6101	6102	614	995	6100
6103	6104	615	995	6100
6105	6106	616	995	6100
6107	6108	512	995	6100
6109	6110	617	995	6100
6111	6112	618	995	6100
6100	6113	1223	995	NULL
6115	6116	620	996	6114
6117	6118	621	996	6114
6119	6120	622	996	6114
6121	6122	623	996	6114
6123	6124	514	996	6114
6125	6126	624	996	6114
6127	6128	625	996	6114
6129	6130	626	996	6114
6131	6132	627	996	6114
6133	6134	516	996	6114
6135	6136	628	996	6114
6137	6138	629	996	6114
6114	6139	1224	996	NULL
6141	6142	518	997	6140
6143	6144	631	997	6140
6145	6146	520	997	6140
6147	6148	522	997	6140
6149	6150	524	997	6140
6151	6152	526	997	6140
6140	6153	1225	997	NULL
6155	6156	632	998	6154
6157	6158	528	998	6154
6159	6160	633	998	6154
6161	6162	530	998	6154
6163	6164	470	998	6154
6154	6165	1226	998	NULL
6167	6168	635	999	6166
6169	6170	636	999	6166
6171	6172	637	999	6166
6173	6174	638	999	6166
6166	6175	1227	999	NULL
6177	6178	639	1000	6176
6179	6180	640	1000	6176
6181	6182	641	1000	6176
6183	6184	464	1000	6176
6185	6186	465	1000	6176
6187	6188	466	1000	6176
6189	6190	643	1000	6176
6191	6192	644	1000	6176
6193	6194	533	1000	6176
6195	6196	645	1000	6176
6197	6198	646	1000	6176
6199	6200	647	1000	6176
6201	6202	648	1000	6176
6203	6204	649	1000	6176
6205	6206	650	1000	6176
6176	6207	1228	1000	NULL
